17834
60799
12523
16692
63114
53760
64520
31666
61056
23777
47486
21116
14647
36312
24000
18697
22313
44867
45274
6304
4336
54492
57852
58706
42811
15342
24279
24820
53773
30505
24326
60477
9216
7469
5576
3481
43557
63568
49317
17606
38045
7255
16218
14403
30684
29709
43979
63542
16490
14638
40757
65475
19368
52485
48999
17558
40312
50171
37604
62004
52546
57865
59520
63084
51839
48659
48606
48050
55952
50882
6915
61411
23721
14535
57255
65523
46627
1227
50160
42446
57081
46821
35166
2867
1185
47767
29902
17688
40518
10555
1862
21828
43459
1440
39824
9610
517
64216
6656
42934
20136
34259
38230
10508
48987
50677
2719
5731
64692
61476
3514
43195
43314
46775
15298
57310
49464
38588
26496
39807
48452
21828
39246
47492
49047
34110
57067
46078
21354
27860
12180
311
28847
20483
12562
19974
397
2488
49630
52477
4014
64856
55012
9705
56329
5248
28610
55053
23963
32779
19902
65100
14196
58556
22449
54027
63048
4839
31436
35687
62975
16898
44186
53096
27239
25829
61841
13508
47092
44592
58274
58436
13307
60967
51521
33010
64520
32792
30273
38701
25445
63000
47077
18617
22895
18954
13389
2471
38072
52011
23901
8639
33537
17395
18618
15966
22057
27951
957
51905
45021
62712
58139
32595
43438
29476
40364
50618
23362
9412
61228
13704
46390
17923
30362
46747
2721
12551
25334
20706
1538
57844
56350
36732
60954
16319
29516
46413
1283
12241
703
3430
48355
27475
28085
99
23388
45316
35816
35602
9299
61867
3591
24849
3919
43023
24048
47431
32134
41905
58687
10497
4938
8280
62037
24244
17110
20214
52831
13777
55760
14341
55713
56171
60333
40806
32094
20039
17011
55027
63381
52827
27223
837
60276
5660
56619
36399
58774
58738
34014
28637
49991
18698
4769
45934
64627
37693
42784
33173
63178
33836
14672
60510
49662
7994
39335
22116
22485
757
154
17894
55824
18473
48614
44495
25533
23337
58393
41886
9725
31250
3564
19944
29052
29119
35543
52252
28800
27599
8890
26869
6446
39050
3911
38623
57259
53838
61881
50112
64238
768
11781
51434
26983
47586
50955
43196
608
34464
17108
64873
45702
66
16304
18539
58223
59817
52317
36845
4996
23590
43961
959
54280
55615
59538
56841
63838
22938
19974
16740
30179
65059
56531
24187
31800
46177
25665
56102
31384
36244
17955
64523
53419
33826
48923
58603
52115
8723
65302
56030
11251
49192
63483
35549
59060
40464
8773
12016
52830
47846
65184
2269
44953
22716
53606
4815
10917
22428
52844
18756
11494
56199
37485
24052
35878
59069
38994
36234
34832
1293
9529
21047
12565
51200
37800
40813
11643
31852
44480
38985
35109
11060
62793
28050
6635
65103
61374
27440
11320
35646
16849
41687
14749
13100
8788
803
10269
51428
19680
48064
15496
27763
37670
18517
30577
7494
48292
22961
27291
56503
59855
38529
53008
30242
54823
6130
53749
40205
24017
57928
29390
12371
44054
62111
41066
6182
39506
57784
27984
36632
34549
25601
39140
16873
23617
61828
23094
49436
33551
47363
23636
22662
4287
20683
60680
48712
60802
49577
44380
51791
56041
62836
33412
52191
57139
61132
60640
16844
29008
43903
21818
65126
61854
8827
52505
51168
13517
27082
24997
41813
44732
62662
40942
25060
47997
50996
41258
5793
35449
62160
46237
36893
52218
17178
1692
10890
51571
27249
61441
38637
28225
42120
37444
62028
46591
43201
10746
35734
18632
3005
59007
29333
59821
11865
57797
45970
63913
29109
370
29927
16068
16417
35408
58288
31998
14836
9068
32060
12908
26612
1734
12941
64189
10938
29930
43928
7565
60542
61178
32796
34750
38996
45673
9585
44938
1031
55894
2633
32440
53317
65383
31992
33637
35365
16246
34030
5966
55659
1348
28351
31994
19588
28077
61867
51865
28256
44518
14416
55626
38697
50427
49748
58796
44985
7513
48275
33310
34043
38977
42751
25607
27624
2242
42294
17002
48492
5316
50933
52479
735
11354
45671
60980
46212
8513
2564
22660
56254
27994
29836
28155
14004
26134
34292
4307
6939
10240
48603
58064
1585
38747
6693
65530
51397
17688
13290
50592
37818
43243
49557
47414
56322
62901
35755
63854
26884
52130
10703
47003
46498
24314
9313
17766
44866
62053
43912
7318
26496
4915
59524
37147
22633
9397
55276
21011
51512
61575
38313
35411
54842
5090
27607
62855
49699
57620
52941
4396
63025
16147
41094
14861
24823
825
42680
58506
28118
29135
32631
41296
20888
62551
41538
36365
57112
36774
5511
33806
481
21342
36016
31236
41139
28463
8062
25679
20101
5083
55934
32033
25285
64898
4259
27817
57688
58732
49468
50906
56324
719
8704
53556
33421
50890
40293
25787
2137
42964
28520
65530
32438
54983
47435
2085
9655
19253
1415
45067
60334
39163
2679
46373
34937
19727
10854
59267
1695
12027
1330
24179
38056
13888
6206
545
7637
31306
14333
14271
42466
2111
55435
39762
31002
46704
64307
46289
29653
37243
60333
65461
31675
56797
8997
49458
36219
22940
61331
29573
52087
6023
19810
47455
55698
6182
34348
11393
40966
32357
5114
5041
42739
44875
21166
22297
32490
53048
11253
29832
48075
21492
747
57369
36784
60492
13893
7771
65244
58195
55
1297
25843
45590
54516
19395
51773
25977
37286
57117
36521
19165
26703
1697
45899
25547
61340
13555
35470
2774
45646
31978
38844
2383
1787
57912
45003
57693
32904
43211
3074
64050
28775
2964
33562
38716
26453
24357
56188
28399
28263
10239
30982
25879
35602
31887
10006
26376
39784
41278
35857
59525
28308
63085
54107
46652
20190
28313
13527
8542
49203
2746
25373
18065
42758
38436
17021
60484
10520
42652
4144
10436
37650
62019
51710
25217
13475
24810
61410
62416
12212
61999
58159
41645
32785
4890
13603
33717
18007
19878
12925
51385
33990
12391
11927
24243
50565
52506
20165
18268
31194
30738
29435
59270
38703
22778
60118
26623
64455
34051
51857
2681
20462
31721
19046
29068
25449
2631
51334
16975
53363
25865
62100
55780
63384
16663
45958
43336
6307
16555
46667
61632
28446
10871
20717
18911
14893
28413
14094
42578
35536
52111
25162
2547
36505
47512
45834
27364
59898
31056
10528
23164
4871
10755
33144
43080
40315
40203
4381
19710
4658
35968
61092
224
26679
6400
46393
53085
4968
64457
16688
21381
3517
39193
53356
38347
23431
2955
37463
32415
35395
